5458
4554
4242
2472
3407
5138
8657
6369
9472
8213
5359
9023
1417
5414
3743
9780
9355
2194
5
1747
1170
4823
4562
8807
3327
8698
4773
8528
2347
9488
8682
6685
4786
2578
7657
2342
1963
8580
7213
2101
5869
9864
2008
8510
49
4163
1526
5077
1301
4679
2475
6104
6326
6411
4623
7986
3886
8964
9229
9124
1145
4853
3482
71
3813
9018
540
611
1571
1071
5955
5768
3970
6895
33
8192
5347
516
8714
9021
5542
1291
1383
6146
5565
1197
909
7119
7309
1505
1996
8540
3460
7304
6154
5109
4938
7900
4010
6677
7668
1496
2234
2376
4203
8538
3985
6884
9649
1364
2888
1509
7589
2662
2067
9880
3776
6679
2195
3806
9742
9133
3669
5992
3973
7756
2094
3280
9210
5375
8844
9944
7014
3780
28
3535
9257
7081
9804
5597
2536
6571
5598
4291
5573
1586
2768
5493
7429
4269
3358
315
7845
9932
2870
6395
622
861
9922
1104
8314
5506
8361
8747
8237
2777
136
2239
1385
7353
6800
9967
9887
2563
4478
733
9196
6175
4627
2718
4451
5349
2191
4838
5641
4290
3483
8738
7192
3726
8627
8241
5679
3320
3638
2151
5441
1186
7010
4887
7313
2433
5486
2177
218
4272
9567
7915
2232
8417
7425
282
9336
6323
8497
5839
2207
4639
7034
3055
1274
8852
7887
1148
3700
8287
9705
4324
9498
9978
8212
9189
2443
6496
7466
2018
9217
6441
9573
30
7323
9830
6647
3525
568
2685
8614
5757
3864
304
4118
7552
2628
6197
7059
6357
5748
7630
1053
7155
9749
8631
5646
8377
2173
987
5878
1267
6961
6718
8135
803
4448
1486
4655
8962
6742
1879
2075
138
5698
8244
9563
5274
179
2048
8288
5134
7658
8654
5740
8541
7088
9727
4657
1154
5488
9004
3823
8000
6683
5251
1756
6557
9320
8659
1601
3196
3930
9339
2110
2747
4034
7162
7230
1253
8325
1742
9360
452
8222
3289
1397
6039
4986
3294
5273
8566
7480
4199
9079
7478
9322
7282
8707
9266
7554
7893
5652
9109
2096
3369
5758
7533
9092
9161
4584
8465
4500
7111
1446
1748
6082
879
5133
1864
8054
6038
7401
1317
9466
296
5267
3718
5452
1677
2604
7737
1212
5517
9302
6261
4234
551
6583
5161
6720
3603
8705
122
1716
1179
9577
3996
1441
8734
9625
4283
5477
3704
7151
5092
4727
4596
5741
8691
9102
6848
6775
6074
600
1687
8726
2679
7052
9477
4947
5331
4388
1233
9344
751
5411
5719
5772
2692
6608
2691
3135
9622
6899
544
2744
8195
7056
7421
841
761
8804
4476
5699
8819
4020
951
4958
3362
900
3854
6613
7818
2938
9732
73
9558
1372
5784
9304
4632
4891
4152
5239
4379
3507
5834
7112
3311
1367
1730
3182
7864
5882
211
3297
6640
5055
2097
7202
4759
2720
3795
9993
4809
2002
7020
4565
1046
6602
5294
4841
4866
3326
2028
5396
3580
5275
7191
684
3371
9757
4848
7958
845
3222
1151
9642
5927
6611
3364
5026
7354
